state.id contracting gov.influence leg.influence elect.board years.tenure education party.ID category2 category3 category4 category5 category6 category7 category8 category9 category10 category11 category12 med.time medt.contr grp.influence
1 6 19 15 0 6.00236134216558 3 5 0 0 1 0 0 0 0 0 0 0 0 0 0 15
1 2 13 16 1 6.25845242164791 2 1 0 0 0 0 0 1 0 0 0 0 0 0 0 7
1 0 11 18 0 25.4828015627672 3 2 0 0 0 0 0 0 0 0 0 0 0 0 0 8
1 0 21 11 0 21.1895089979171 3 4 1 0 0 0 0 0 0 0 0 0 0 0 0 8
1 0 17 12 0 2.16540234603044 5 5 0 0 0 0 0 0 0 0 1 0 0 0 0 3
1 1 19 20 0 3.87161714089225 5 3 0 0 0 1 0 0 0 0 0 0 0 1 1 16
1 0 15 15 1 3.16657876092183 5 3 0 0 0 0 0 0 1 0 0 0 0 0 0 15
1 3 14 19 1 14.48578677817 5 3 0 0 0 0 1 0 0 0 0 0 0 0 0 13
1 3 19 16 0 3.07264646120413 3 5 0 0 0 0 0 0 0 0 0 0 1 0 0 10
1 6 17 15 0 5.03007359572768 5 5 0 0 0 0 0 0 0 1 0 0 0 1 6 7
1 0 13 14 1 5.7862170073254 5 3 0 0 0 0 0 0 0 0 0 0 0 0 0 19
1 1 15 14 0 2.72061359961894 5 3 0 0 0 0 1 0 0 0 0 0 0 1 1 15
1 5 6 7 0 5.12682600935578 3 5 0 0 0 0 0 1 0 0 0 0 0 1 5 14
1 1 19 18 0 0.336924567184359 4 1 0 0 0 0 0 0 0 0 1 0 0 0 0 8
1 1 13 14 1 17.6801042055975 3 5 0 1 0 0 0 0 0 0 0 0 0 0 0 10
1 1 9 17 0 13.0604919247175 5 4 0 0 0 0 0 0 1 0 0 0 0 0 0 10
1 0 11 12 1 14.0705815646934 5 2 0 0 0 0 0 0 0 0 0 1 0 1 0 5
1 3 21 12 0 0.551239990418561 5 4 1 0 0 0 0 0 0 0 0 0 0 1 3 5
1 3 18 18 0 5.13051710269578 5 5 0 0 0 0 0 0 0 0 0 0 1 0 0 11
1 2 18 21 0 11.9723114062838 4 5 0 0 0 0 0 0 0 0 0 1 0 1 2 3
1 2 19 17 0 4.17458071418805 5 5 0 0 1 0 0 0 0 0 0 0 0 1 2 10
1 0 18 18 0 3.3861771873103 5 1 0 0 0 1 0 0 0 0 0 0 0 1 0 10
1 2 19 19 0 8.1305925891427 5 5 0 0 1 0 0 0 0 0 0 0 0 1 2 17
1 0 12 10 0 5.11356879838827 3 5 0 0 0 0 0 0 0 0 0 1 0 0 0 4
1 2 16 16 0 1.82746837169682 5 1 0 0 0 0 0 0 0 0 0 1 0 0 0 13
1 3 16 15 0 2.56903829131349 3 5 0 0 0 0 1 0 0 0 0 0 0 0 0 5
1 0 21 9 0 5.39856189505121 5 5 0 0 0 0 0 0 0 0 0 0 0 1 0 3
1 0 15 13 0 1.72569905866968 5 5 0 0 0 1 0 0 0 0 0 0 0 0 0 4
1 6 16 21 0 0.414691816543777 5 2 0 0 0 0 0 0 0 0 0 1 0 1 6 14
1 2 17 13 1 1.82268461490744 5 5 0 0 0 0 0 0 0 0 1 0 0 0 0 13
2 0 14 13 1 1.76045403749041 5 1 0 0 1 0 0 0 0 0 0 0 0 1 0 15
2 1 21 19 0 1.67361422634901 3 5 1 0 0 0 0 0 0 0 0 0 0 0 0 12
2 1 18 18 0 2.1985563396184 4 2 0 0 0 0 0 0 0 1 0 0 0 0 0 18
2 1 19 21 0 1.97335251953595 5 5 0 0 0 0 1 0 0 0 0 0 0 1 1 17
2 3 21 19 0 0.513819391831245 5 5 0 0 0 0 0 0 0 0 0 0 1 1 3 13
2 1 16 16 0 3.33106770752587 3 1 0 0 0 0 0 1 0 0 0 0 0 0 0 14
2 0 14 16 0 3.75589589746331 5 4 0 0 0 0 0 0 1 0 0 0 0 1 0 6
2 0 21 18 0 4.09999862489678 3 4 0 0 0 0 0 0 0 0 0 1 0 0 0 14
2 2 20 20 0 4.89542586320994 5 3 0 0 0 1 0 0 0 0 0 0 0 0 0 12
2 0 15 17 0 2.96623704213928 5 2 0 0 0 0 0 1 0 0 0 0 0 0 0 11
2 3 17 16 0 5.31815324102377 5 5 0 0 1 0 0 0 0 0 0 0 0 0 0 8
2 3 17 19 0 3.0590369457638 5 1 0 0 1 0 0 0 0 0 0 0 0 0 0 5
2 0 21 14 0 3.12409135756275 1 4 0 0 0 0 0 0 0 0 1 0 0 1 0 12
3 0 16 15 0 4.19348264923342 2 5 0 0 0 0 0 0 0 0 0 0 1 0 0 11
3 0 17 15 0 4.79434842900772 3 5 0 0 0 0 0 1 0 0 0 0 0 1 0 6
3 0 20 8 0 1.45199393038513 5 1 1 0 0 0 0 0 0 0 0 0 0 0 0 3
3 1 21 9 0 5.00548515778314 5 1 0 0 0 0 0 0 1 0 0 0 0 1 1 6
3 1 14 15 1 2.74858346427217 5 4 0 0 0 0 0 1 0 0 0 0 0 0 0 19
3 6 14 15 0 2.83748836572077 5 5 0 0 0 0 1 0 0 0 0 0 0 0 0 13
3 5 19 17 0 4.72826057748831 5 1 0 0 0 0 0 0 0 0 0 0 1 1 5 10
3 2 21 18 0 3.6939823423556 5 5 0 0 0 0 0 0 0 0 1 0 0 0 0 12
3 1 21 21 0 7.55183737895069 4 5 0 0 0 0 0 1 0 0 0 0 0 0 0 12
3 5 18 17 0 1.77774813855254 5 1 0 0 1 0 0 0 0 0 0 0 0 0 0 12
3 1 15 9 0 2.51972383344902 4 2 0 0 0 0 0 0 1 0 0 0 0 0 0 7
3 0 21 21 0 7.06653607553781 5 2 0 0 0 0 0 0 0 0 0 0 1 0 0 8
4 3 17 16 0 17.957413991264 3 4 0 0 0 0 0 0 0 1 0 0 0 0 0 10
4 0 21 14 0 2.17733888381499 5 1 0 0 0 0 0 0 0 0 0 0 0 1 0 8
4 4 16 17 0 16.3384513991204 3 1 0 0 0 0 1 0 0 0 0 0 0 0 0 12
4 1 11 11 0 3.23390706032598 5 5 0 0 0 0 0 0 0 0 0 1 0 0 0 3
4 0 21 15 0 17.076420618615 2 1 0 0 0 0 0 0 0 1 0 0 0 1 0 10
4 0 19 16 1 2.14514169557524 5 1 0 0 0 0 0 0 0 0 0 0 0 0 0 13
4 1 21 16 0 17.3874162495656 5 3 0 0 0 0 0 1 0 0 0 0 0 0 0 11
4 0 12 18 1 3.17029433495723 5 4 0 0 0 0 0 0 0 0 0 1 0 0 0 10
4 4 16 11 0 3.69958210026431 5 1 0 0 0 0 0 1 0 0 0 0 0 0 0 14
4 1 21 18 0 16.8754123465357 4 1 1 0 0 0 0 0 0 0 0 0 0 0 0 4
5 0 16 17 0 2.83540195196482 5 5 0 0 0 0 0 0 0 0 0 0 0 0 0 5
5 2 19 20 0 4.85099167777933 4 3 0 0 0 0 0 0 0 0 0 0 0 0 0 13
5 3 14 15 1 5.72359077057663 5 1 0 0 0 1 0 0 0 0 0 0 0 1 3 13
5 2 16 18 0 3.60911382696238 4 5 0 0 0 1 0 0 0 0 0 0 0 0 0 8
5 0 17 14 0 2.22704082984647 3 1 0 0 0 0 0 0 0 0 0 1 0 0 0 15
5 0 17 13 0 4.17938219952855 5 1 0 0 0 0 0 0 0 0 0 0 0 0 0 7
5 1 9 12 1 0.826760627743086 5 1 0 0 0 0 0 0 0 0 0 0 0 1 1 6
5 0 21 21 0 3.07056618759755 4 2 0 0 0 0 0 0 0 0 0 1 0 1 0 14
5 0 7 7 0 2.17268499533038 5 3 0 0 0 0 0 0 0 1 0 0 0 1 0 11
5 1 16 15 0 4.091650567795 5 5 0 0 0 0 0 0 0 0 1 0 0 0 0 8
6 2 18 20 0 6.10324930323858 3 1 0 0 1 0 0 0 0 0 0 0 0 0 0 11
6 3 10 8 0 1.44278737977246 5 1 0 0 0 0 0 0 0 1 0 0 0 0 0 8
6 0 17 21 0 0.182091397327729 3 2 1 0 0 0 0 0 0 0 0 0 0 0 0 6
6 6 18 20 0 2.15644545429259 5 1 0 0 0 0 1 0 0 0 0 0 0 0 0 9
6 1 9 13 0 0.97514409777356 5 2 0 0 0 0 0 1 0 0 0 0 0 1 1 6
6 0 12 16 0 1.49403042597476 5 1 0 0 0 0 0 0 0 1 0 0 0 1 0 14
6 3 9 11 0 2.94126392981364 5 1 0 0 0 0 0 0 0 0 0 0 0 0 0 8
6 1 14 17 0 6.47595572974089 5 1 0 0 0 0 0 0 0 0 0 1 0 0 0 5
6 1 18 19 0 2.33137136306939 5 3 0 0 0 0 0 0 0 0 0 0 1 0 0 11
6 0 15 18 0 2.13911859590765 3 2 0 0 0 0 0 0 0 0 0 1 0 0 0 10
6 0 8 20 0 1.71105203757719 5 5 0 0 0 0 0 0 0 0 0 0 0 1 0 11
6 2 21 21 0 0.795726478714112 5 1 0 0 1 0 0 0 0 0 0 0 0 0 0 13
6 2 16 19 0 1.98602575242271 5 1 0 0 1 0 0 0 0 0 0 0 0 1 2 14
6 0 16 17 0 5.30991284289236 4 5 0 0 0 0 0 0 0 0 1 0 0 0 0 11
6 2 11 15 0 0.719564246899212 5 1 0 0 0 0 0 0 0 0 0 1 0 1 2 8
6 2 18 17 0 2.39961369194252 4 3 0 0 0 0 0 0 0 0 0 1 0 0 0 10
6 4 17 14 1 2.65565901011461 5 1 0 0 0 0 1 0 0 0 0 0 0 1 4 8
7 4 21 21 0 9.72188413829531 5 5 0 0 1 0 0 0 0 0 0 0 0 1 4 13
7 0 8 10 0 15.3402738474565 3 1 0 0 0 0 0 0 0 0 0 0 0 0 0 11
7 4 15 15 1 4.20636526825152 5 1 0 0 0 0 0 0 0 1 0 0 0 0 1 9
7 0 18 18 0 5.13883690245189 5 1 0 0 0 0 0 0 0 0 1 0 0 0 0 8
7 0 21 17 0 2.69031775172633 5 5 0 0 0 0 0 0 1 0 0 0 0 0 0 9
7 6 21 18 0 5.13086614796619 5 3 0 0 0 0 1 0 0 0 0 0 0 0 0 12
7 3 18 17 0 4.84254004734051 5 1 0 0 0 0 0 0 0 0 0 1 0 1 3 11
7 3 19 17 0 2.38850777361241 5 2 0 0 0 0 1 0 0 0 0 0 0 1 3 12
7 0 10 13 1 1.50233146784271 5 1 0 0 0 0 0 0 0 0 0 0 0 0 0 10
7 0 21 15 0 5.24324784546966 5 2 0 0 0 0 0 0 0 0 1 0 0 0 0 11
8 1 19 14 0 1.17016639519554 5 1 0 0 0 0 0 0 0 0 1 0 0 1 1 8
8 1 21 21 0 5.22983049319093 4 1 0 0 0 0 0 1 0 0 0 0 0 1 0 10
8 0 13 13 0 6.42731427105157 5 1 0 0 0 1 0 0 0 0 0 0 0 0 0 6
8 3 16 15 0 8.31332264933259 5 1 0 0 0 0 0 0 0 1 0 0 0 1 3 15
8 5 15 16 0 1.03407346796391 3 3 0 0 0 0 0 0 0 0 1 0 0 0 0 9
8 0 19 17 0 4.55945691359892 5 3 0 0 0 0 0 0 0 0 0 1 0 0 0 8
8 2 21 17 0 2.36996856287449 5 1 0 1 0 0 0 0 0 0 0 0 0 0 0 8
8 4 16 14 0 2.67743675563415 5 2 0 0 0 0 0 0 0 0 0 0 1 0 0 12
8 2 12 14 1 1.05377781672269 5 1 0 0 0 0 0 0 0 0 0 0 0 0 0 8
8 1 8 8 0 2.57679859928721 3 1 0 0 1 0 0 0 0 0 0 0 0 1 1 10
8 0 21 20 0 15.7863603248369 4 2 0 0 0 0 0 0 0 1 0 0 0 1 0 8
9 3 21 21 0 1.56946093274192 5 5 1 0 0 0 0 0 0 0 0 0 0 0 0 9
9 6 18 21 0 1.99673592796554 5 5 0 0 1 0 0 0 0 0 0 0 0 1 6 14
9 1 13 19 0 6.08414768956565 2 2 0 0 0 0 0 0 0 0 0 0 0 1 1 9
9 0 18 16 0 1.60598901880321 5 5 0 0 0 0 0 0 0 1 0 0 0 1 0 12
9 2 13 18 0 4.78214420862203 4 4 0 0 0 0 0 1 0 0 0 0 0 0 0 15
9 3 18 20 0 1.40391472461823 5 5 0 0 0 0 1 0 0 0 0 0 0 1 3 15
9 4 19 21 0 1.71578569599235 5 2 0 0 0 0 0 0 1 0 0 0 0 1 4 12
9 0 21 21 0 3.7686696768392 5 5 0 0 0 0 0 0 0 0 0 1 0 1 0 11
9 2 18 21 0 6.09376234173538 4 1 0 0 0 0 0 0 0 0 0 1 0 0 0 9
9 0 10 12 0 1.93392500346688 3 5 0 0 0 0 0 0 0 0 0 0 0 0 0 5
9 2 20 19 0 4.25287699640508 4 1 0 0 0 0 0 0 1 0 0 0 0 0 0 14
9 0 7 17 0 6.20735411288875 4 1 0 0 0 0 0 0 0 0 1 0 0 0 0 15
9 1 15 17 0 1.25918272978711 1 4 0 0 0 0 0 0 0 0 1 0 0 1 1 11
10 2 21 21 0 1.7700925313068 5 5 1 0 0 0 0 0 0 0 0 0 0 0 0 5
10 0 18 12 1 1.67335824529992 5 3 0 0 0 1 0 0 0 0 0 0 0 0 0 4
10 0 21 19 0 6.0274115868988 3 2 0 0 0 0 0 0 0 1 0 0 0 0 0 10
10 6 20 20 0 3.36891637878041 5 1 0 0 0 0 1 0 0 0 0 0 0 0 0 8
10 0 21 17 0 0.846645981022806 5 5 0 1 0 0 0 0 0 0 0 0 0 0 0 3
10 6 15 14 0 2.00972789466926 4 5 0 0 0 0 0 0 1 0 0 0 0 1 6 14
10 3 21 19 0 3.1446986803539 4 5 0 0 0 0 0 0 1 0 0 0 0 1 3 11
10 3 18 9 1 10.6783056262144 5 1 0 0 0 0 0 0 0 0 0 0 0 1 3 3
10 4 19 19 0 6.837338011774 5 1 0 0 1 0 0 0 0 0 0 0 0 0 0 11
10 3 21 18 0 1.95551882804246 3 1 0 0 1 0 0 0 0 0 0 0 0 0 0 12
10 0 17 12 0 2.74103393736195 5 2 0 0 0 0 0 0 0 0 0 1 0 1 0 8
10 2 20 19 0 0.384917150345538 5 1 0 0 0 0 0 0 0 0 0 0 0 0 0 11
10 1 12 13 1 3.00321450596102 5 1 0 0 0 1 0 0 0 0 0 0 0 0 0 5
10 2 18 21 0 2.35876637633248 5 5 0 0 0 0 0 0 0 0 1 0 0 1 2 12
11 0 3 12 1 6.25951125375671 3 4 0 0 0 0 0 0 0 1 0 0 0 1 0 18
11 6 12 12 0 6.05934337414585 5 5 0 0 0 0 0 0 0 0 0 1 0 1 6 13
11 2 19 13 0 2.05801923943048 5 3 0 0 0 0 0 0 0 1 0 0 0 0 0 15
11 0 21 17 0 4.40035050192196 1 5 0 0 0 0 0 0 0 1 0 0 0 0 0 11
11 1 16 21 1 5.30956272432881 5 1 0 0 0 1 0 0 0 0 0 0 0 1 1 11
11 6 18 18 0 7.19697148311921 5 1 0 0 0 0 0 0 0 0 0 0 1 0 0 5
11 2 21 21 1 0.89065034841958 5 3 0 0 0 0 0 0 0 1 0 0 0 1 2 18
11 3 21 19 0 5.17104015812547 3 5 0 0 0 0 0 0 0 0 1 0 0 1 3 15
11 0 18 18 1 0.872256980403855 5 1 0 0 0 0 0 0 0 0 0 0 0 0 0 12
11 2 14 14 0 5.37137658629872 5 5 0 0 0 0 0 0 0 0 0 1 0 1 2 8
11 1 18 15 0 2.29056260086832 5 1 0 0 0 0 0 0 0 0 0 1 0 0 0 15
11 6 15 10 0 14.0417301286733 3 1 0 0 1 0 0 0 0 0 0 0 0 1 6 6
11 6 21 13 0 2.18843588388 5 5 0 0 0 0 0 0 0 0 0 1 0 0 0 8
11 1 17 17 0 2.00654656608168 5 1 0 0 0 0 0 0 0 0 0 1 0 0 0 10
11 2 13 18 0 6.21912452583533 5 1 0 0 0 0 0 0 0 0 0 0 0 0 0 8
11 1 11 11 1 8.60255701105523 5 1 0 0 0 0 0 0 0 0 1 0 0 0 0 3
11 3 16 21 0 20.928584745167 5 2 0 0 0 0 0 0 0 0 1 0 0 0 0 13
12 5 19 16 1 1.71521728720852 1 5 0 0 0 0 0 0 0 0 1 0 0 0 0 16
12 2 18 18 1 2.26004913459418 5 1 0 0 0 0 0 1 0 0 0 0 0 0 0 16
12 2 12 13 0 4.04759355444573 3 1 0 0 0 0 0 0 0 0 0 0 1 0 0 8
12 1 18 19 0 2.33759316418554 4 5 0 0 0 0 0 0 0 0 0 0 1 0 0 10
12 0 16 16 0 3.99478368081395 5 4 0 0 0 0 0 1 0 0 0 0 0 1 0 10
12 1 17 17 0 4.96026099091062 3 2 0 0 0 0 0 0 1 0 0 0 0 0 0 14
12 0 18 18 0 0.612558646242471 4 5 1 0 0 0 0 0 0 0 0 0 0 0 0 10
12 6 18 17 1 0.75484328269459 3 3 0 0 0 0 0 0 0 0 0 0 1 1 6 6
12 6 20 18 0 1.82709668976639 5 1 0 0 1 0 0 0 0 0 0 0 0 0 0 9
12 4 18 18 0 4.11084709594752 5 1 0 0 0 0 0 1 0 0 0 0 0 0 0 17
12 6 21 18 0 1.6063434489503 3 5 0 0 0 0 0 0 0 1 0 0 0 0 0 7
12 0 21 16 0 1.91947886648381 5 5 1 0 0 0 0 0 0 0 0 0 0 0 0 8
13 1 17 13 0 3.54155959449992 5 1 0 0 0 0 0 0 0 0 0 1 0 0 0 10
13 0 21 12 0 3.22376235636069 5 1 0 0 0 0 0 0 1 0 0 0 0 0 0 11
13 6 19 18 0 1.56573360198039 5 1 0 0 0 0 0 0 0 0 0 0 1 1 6 6
13 3 18 12 0 4.80434397621193 5 3 0 0 0 0 0 0 1 0 0 0 0 1 3 14
13 3 21 15 0 5.33174635404091 5 1 0 0 1 0 0 0 0 0 0 0 0 0 0 9
13 0 21 11 1 22.7084059698159 5 4 0 0 0 0 0 0 0 0 0 1 0 1 0 5
13 2 9 14 1 5.51132653379009 4 2 0 0 0 0 0 1 0 0 0 0 0 0 0 11
14 3 20 16 0 1.53961457815438 5 5 0 0 0 0 0 0 0 0 0 0 0 0 0 11
14 4 11 20 0 3.05710924950329 3 5 0 0 0 0 0 0 0 0 1 0 0 1 4 4
14 1 16 14 0 0.904649013868218 5 5 0 0 0 0 0 0 0 1 0 0 0 0 0 7
14 2 21 18 0 3.31379975334942 3 5 0 0 0 0 0 1 0 0 0 0 0 1 3 12
14 1 9 10 0 1.97247865912478 5 5 0 0 0 0 0 0 0 0 0 0 0 0 0 12
14 1 7 8 1 6.7565480323591 5 5 0 0 0 0 0 0 0 0 0 0 0 1 1 7
14 2 16 18 0 3.97358653033492 5 5 0 0 0 0 0 0 0 0 1 0 0 0 0 6
14 2 17 12 0 0.581948043659585 5 5 0 0 0 0 0 0 0 0 0 0 0 0 0 6
14 6 18 14 0 0.922825993375338 3 5 0 0 0 0 0 0 0 1 0 0 0 0 4 12
15 4 17 13 0 7.6139961810958 3 1 1 0 0 0 0 0 0 0 0 0 0 0 0 17
15 6 15 16 0 0.816316494502941 3 1 0 0 1 0 0 0 0 0 0 0 0 1 6 10
15 1 16 21 0 13.0697720529776 5 1 0 0 0 0 0 0 0 0 0 1 0 0 0 8
15 2 8 9 0 0.999452754865166 3 3 0 0 0 0 0 1 0 0 0 0 0 0 0 9
15 6 19 17 0 1.10231077960978 5 1 0 0 0 0 1 0 0 0 0 0 0 1 6 16
15 0 18 18 1 0.727902958936551 3 3 0 0 0 1 0 0 0 0 0 0 0 0 0 8
15 2 19 17 0 3.79049297381488 5 1 0 0 0 0 0 0 0 0 0 0 0 0 0 10
15 0 18 21 1 5.03052595258796 5 4 0 1 0 0 0 0 0 0 0 0 0 0 0 12
15 0 17 18 0 3.03248207942793 5 1 0 0 0 0 0 0 0 0 0 1 0 0 0 13
15 0 17 20 0 2.31669215605462 5 5 0 0 0 0 0 0 0 0 0 1 0 0 0 17
15 0 19 12 0 0.0686285732495144 5 1 0 0 0 0 0 0 0 0 0 0 0 0 0 11
15 1 13 14 0 5.23633317333198 5 2 0 0 0 0 0 1 0 0 0 0 0 0 0 8
15 1 12 12 0 3.14468055959013 5 1 1 0 0 0 0 0 0 0 0 0 0 0 0 3
15 6 17 18 0 2.09872950093911 4 1 0 0 0 0 0 0 0 0 0 0 1 1 6 17
15 0 16 18 0 2.05097752765576 5 1 0 0 0 0 0 0 0 0 0 1 0 0 0 8
15 1 18 19 0 6.22250636177787 5 2 0 0 0 0 0 0 1 0 0 0 0 0 0 16
15 1 20 21 0 10.8700207969163 5 1 0 0 0 1 0 0 0 0 0 0 0 0 0 12
15 3 18 19 0 4.83714487882969 5 1 0 0 1 0 0 0 0 0 0 0 0 0 0 8
15 1 19 19 0 4.56398557971926 5 5 0 0 0 0 0 0 0 1 0 0 0 1 1 10
16 2 21 11 0 4.51963514606011 5 1 1 0 0 0 0 0 0 0 0 0 0 0 0 11
16 4 15 16 0 5.15025797780341 5 2 0 0 0 0 0 0 0 0 1 0 0 1 4 10
16 0 16 15 0 2.56169357478587 5 2 0 0 0 0 0 0 1 0 0 0 0 0 0 6
16 0 13 14 0 18.7378561777291 5 2 0 0 0 0 0 1 0 0 0 0 0 1 0 10
16 6 14 14 0 1.36531622817955 3 5 0 0 0 0 0 0 0 0 1 0 0 0 0 14
16 0 19 15 0 5.14270198476233 5 1 0 0 0 0 0 0 0 1 0 0 0 0 0 10
16 3 20 19 0 15.9775863771952 5 1 0 0 0 0 0 1 0 0 0 0 0 0 0 18
16 0 19 16 0 1.25941840758818 4 1 0 0 0 0 0 0 1 0 0 0 0 0 0 9
16 3 18 18 0 5.26163295232335 3 1 0 0 0 0 0 0 0 0 0 0 1 1 3 11
16 1 21 21 1 2.66790715801418 5 1 0 0 0 0 1 0 0 0 0 0 0 1 1 5
16 5 16 16 0 10.5047519882177 5 2 0 0 0 0 0 0 0 0 0 0 0 0 0 13
16 0 10 19 0 14.3475677530074 5 5 0 0 0 0 0 1 0 0 0 0 0 0 0 6
16 6 17 17 1 4.50635533791328 4 1 0 0 0 1 0 0 0 0 0 0 0 1 6 18
17 3 19 17 0 1.79587609214469 3 5 0 0 0 0 0 0 0 0 0 0 0 0 0 3
17 3 7 17 1 3.80186819798326 3 1 0 0 0 0 0 0 0 0 0 0 0 0 0 10
17 0 18 15 0 0.47647199091037 5 1 1 0 0 0 0 0 0 0 0 0 0 0 0 10
17 2 19 18 0 33.5365785245168 4 1 1 0 0 0 0 0 0 0 0 0 0 0 0 12
17 4 20 21 0 0.251904354194409 4 1 0 0 0 0 0 0 0 0 1 0 0 0 0 6
17 2 19 16 0 7.22203182527446 3 1 0 0 0 0 0 1 0 0 0 0 0 1 2 13
17 0 20 20 0 3.45861007761586 3 1 0 0 0 0 0 0 0 0 0 1 0 1 0 6
17 0 20 11 0 9.65077450754353 5 1 0 1 0 0 0 0 0 0 0 0 0 0 0 11
17 1 12 8 0 6.0539285137722 3 1 0 0 0 0 0 0 1 0 0 0 0 0 0 8
17 1 8 8 0 3.90341424520148 4 1 0 0 1 0 0 0 0 0 0 0 0 0 0 11
17 0 19 16 0 1.13824922786449 3 1 0 0 1 0 0 0 0 0 0 0 0 1 0 12
17 4 14 17 0 3.70091478069923 5 1 0 0 1 0 0 0 0 0 0 0 0 0 0 12
17 0 10 16 1 0.829139534626429 3 1 0 0 0 0 1 0 0 0 0 0 0 1 0 7
18 5 19 14 0 8.07316570753678 3 1 0 0 0 0 1 0 0 0 0 0 0 0 0 13
18 2 16 16 1 12.3484492842182 5 2 0 0 0 1 0 0 0 0 0 0 0 0 0 5
18 0 13 13 1 4.91745368468103 5 1 0 0 0 0 0 0 0 0 0 0 0 1 0 15
18 3 21 17 0 15.5672317177133 3 1 0 0 0 0 0 1 0 0 0 0 0 1 3 18
18 0 19 17 0 3.97704745382024 5 1 0 0 0 0 0 1 0 0 0 0 0 0 0 11
18 0 21 19 0 14.1094707693988 5 5 0 0 0 0 0 0 1 0 0 0 0 0 0 9
18 6 21 17 0 2.57920495993814 5 1 0 0 1 0 0 0 0 0 0 0 0 1 6 15
18 3 19 15 0 3.20656208009205 3 5 0 0 0 0 0 0 0 0 0 1 0 0 0 7
18 0 6 14 1 2.26299904254726 5 1 0 0 0 0 0 0 0 1 0 0 0 0 0 14
18 5 6 6 0 6.31540641436235 5 5 0 0 0 0 0 0 0 0 0 0 0 0 0 5
18 0 15 20 0 4.04903399719629 5 2 0 0 0 0 0 1 0 0 0 0 0 0 0 6
18 0 21 18 0 0.857664938261255 3 1 0 0 0 1 0 0 0 0 0 0 0 1 0 12
18 0 21 3 0 0.650681646996535 4 5 0 0 0 0 0 0 0 0 1 0 0 0 0 3
19 0 19 14 0 3.01538325217449 5 1 0 0 0 0 0 0 0 0 0 1 0 0 0 10
19 0 14 14 0 20.5843428909049 5 4 0 0 0 0 0 0 0 0 0 1 0 0 0 16
19 1 19 16 0 2.22397324081168 5 1 0 0 0 0 0 0 0 1 0 0 0 1 1 12
19 0 7 7 0 20.431314705537 5 1 0 0 0 0 0 0 0 0 0 0 1 0 0 6
19 4 19 17 0 5.19165056930723 2 1 0 1 0 0 0 0 0 0 0 0 0 0 0 15
19 0 20 16 0 5.81193351679687 5 1 0 0 0 0 0 0 0 1 0 0 0 0 0 9
19 2 13 19 0 11.6688478692841 5 1 0 0 0 0 0 0 0 0 0 1 0 0 0 15
19 0 8 8 0 1.43022555023347 1 3 0 0 0 0 0 1 0 0 0 0 0 0 0 6
19 0 21 21 0 3.00248619028745 5 1 0 1 0 0 0 0 0 0 0 0 0 0 0 6
19 0 19 19 0 0.644095064146719 5 4 0 0 0 0 0 0 0 0 0 1 0 1 0 6
19 4 18 18 0 2.85357964769254 5 1 0 0 0 0 0 0 1 0 0 0 0 0 0 8
19 2 16 21 0 4.23588565414523 5 1 0 0 0 0 0 0 0 0 0 0 0 1 2 15
19 0 21 15 0 2.21446591350085 5 1 0 0 1 0 0 0 0 0 0 0 0 1 1 7
19 0 18 18 1 10.6273745298337 3 4 0 0 0 0 0 0 0 0 0 1 0 0 0 6
19 5 18 18 0 10.5483777170344 2 2 0 0 0 0 1 0 0 0 0 0 0 0 0 15
19 3 21 17 0 1.39706312994479 5 3 0 0 0 1 0 0 0 0 0 0 0 1 3 11
20 6 21 17 0 6.0344052213134 5 1 0 0 0 0 1 0 0 0 0 0 0 0 0 10
20 0 21 21 0 1.77153552506648 5 1 0 0 0 0 0 0 0 1 0 0 0 1 0 9
20 1 16 10 0 7.23588303263084 3 5 0 0 0 0 0 1 0 0 0 0 0 1 1 11
20 1 21 21 0 1.02811950714944 5 2 0 0 0 1 0 0 0 0 0 0 0 0 0 10
20 0 17 13 0 10.6490349412197 5 1 0 0 0 0 0 0 0 0 0 0 0 1 0 5
20 5 18 18 0 0.749310065418322 5 1 0 0 0 0 0 0 0 1 0 0 0 1 5 7
20 5 14 17 1 5.52651116368161 5 1 0 0 0 0 0 0 0 0 0 0 0 0 0 16
20 0 21 14 0 0.808474343278566 3 1 0 0 0 0 0 0 0 0 1 0 0 0 0 6
20 0 15 21 0 4.56699304667708 5 5 0 0 0 0 0 0 0 0 0 0 0 0 0 3
20 0 19 17 0 2.44035188656162 5 1 0 0 1 0 0 0 0 0 0 0 0 0 0 6
21 2 5 10 0 2.88723525529707 5 3 0 0 0 0 0 0 0 0 0 1 0 1 2 11
21 1 15 15 0 8.84053951242278 5 3 1 0 0 0 0 0 0 0 0 0 0 0 0 16
21 2 16 20 1 4.49931003731732 5 5 0 0 0 1 0 0 0 0 0 0 0 1 2 16
21 3 7 13 1 20.0422593151134 5 4 0 0 0 0 0 1 0 0 0 0 0 0 0 9
21 0 19 19 0 5.49376451047247 4 3 0 0 0 0 0 1 0 0 0 0 0 0 0 19
21 0 7 7 1 5.24398759235735 5 1 0 0 0 0 0 0 0 0 0 0 0 1 0 13
21 0 8 15 0 0.831210344871558 5 1 0 0 0 0 0 0 0 0 0 0 0 1 0 3
21 6 19 18 0 0.900108137555203 5 1 0 0 1 0 0 0 0 0 0 0 0 1 6 13
21 0 18 13 0 1.03752595725318 5 1 0 0 0 1 0 0 0 0 0 0 0 1 0 7
21 0 7 5 0 2.09537897316608 5 1 0 0 0 1 0 0 0 0 0 0 0 0 0 3
21 6 15 15 0 2.83494222265995 5 1 0 0 1 0 0 0 0 0 0 0 0 0 0 10
21 2 11 16 0 1.90956566070772 3 2 0 0 0 0 1 0 0 0 0 0 0 1 2 15
21 4 18 15 0 22.7914577365111 5 1 0 0 0 0 0 0 0 0 0 0 0 1 4 6
22 0 13 15 0 4.94180534885734 5 1 0 0 1 0 0 0 0 0 0 0 0 1 0 10
22 0 14 12 1 3.15529833734222 5 3 0 0 0 1 0 0 0 0 0 0 0 1 0 8
22 0 19 20 0 2.58667539535283 5 2 0 0 0 0 0 0 0 0 0 0 0 1 0 8
22 1 16 19 0 5.51307571257502 5 2 0 0 0 0 0 0 0 0 0 1 0 0 0 6
22 2 19 19 0 3.31595316422038 5 1 0 0 0 0 0 1 0 0 0 0 0 0 0 13
22 1 19 17 0 4.99793159858192 4 2 0 0 0 0 0 0 1 0 0 0 0 0 0 15
22 0 21 21 0 0.868428213375147 5 3 1 0 0 0 0 0 0 0 0 0 0 0 0 12
22 4 20 20 0 1.67157826381922 5 3 0 0 0 0 0 0 0 0 0 0 0 0 0 10
22 2 18 18 0 5.65248334045608 5 1 0 0 0 0 0 0 1 0 0 0 0 0 0 10
22 3 14 9 0 4.72888010533748 5 1 0 0 1 0 0 0 0 0 0 0 0 0 0 9
22 3 18 17 0 5.2060908960766 5 2 0 0 1 0 0 0 0 0 0 0 0 0 0 10
22 0 19 20 0 11.6832635866683 5 2 0 0 0 0 0 0 0 0 0 1 0 0 0 13
23 1 18 19 0 4.12526146064893 5 5 1 0 0 0 0 0 0 0 0 0 0 0 0 8
23 6 21 21 0 1.29863125508381 5 1 0 0 1 0 0 0 0 0 0 0 0 1 6 9
23 0 14 12 0 2.37381302587831 5 1 0 0 0 0 0 0 0 0 0 0 0 0 0 15
23 2 18 10 0 5.05487290417674 5 1 0 0 0 0 0 0 0 1 0 0 0 1 2 10
23 1 18 19 0 1.70853067993027 5 5 0 0 0 0 0 0 1 0 0 0 0 0 0 15
23 1 14 14 0 0.396901096789975 3 1 0 0 0 0 0 0 0 0 0 1 0 0 0 5
23 0 19 20 0 4.48226992063459 5 1 0 0 0 0 0 0 0 0 0 1 0 1 0 9
23 3 18 18 0 9.96971741946704 5 2 0 0 0 0 1 0 0 0 0 0 0 1 3 13
23 0 11 12 0 4.41382616476614 5 2 0 0 0 0 0 1 0 0 0 0 0 0 0 12
23 6 21 16 0 -0.0583020990121086 5 5 0 1 0 0 0 0 0 0 0 0 0 0 0 8
23 0 19 19 0 6.33798219568733 3 2 0 1 0 0 0 0 0 0 0 0 0 1 0 9
23 0 20 17 0 8.51123876608148 5 2 0 0 0 0 0 0 1 0 0 0 0 1 0 8
23 5 13 13 0 2.55930095629896 5 1 0 0 1 0 0 0 0 0 0 0 0 1 5 14
23 2 15 17 0 4.33716767173813 5 5 0 0 0 1 0 0 0 0 0 0 0 0 0 6
23 2 16 17 0 0.879249800331872 3 5 0 0 0 0 0 0 0 0 0 1 0 1 2 18
23 2 16 17 0 7.91378356216933 5 1 0 0 0 0 0 0 0 0 0 1 0 0 0 6
23 2 13 13 0 4.35929081855923 5 5 0 0 0 0 0 0 0 1 0 0 0 0 0 10
24 6 14 13 0 4.23334346536741 5 5 0 0 1 0 0 0 0 0 0 0 0 0 0 5
24 1 4 17 1 11.3864747513353 5 5 0 0 0 0 0 1 0 0 0 0 0 0 0 12
24 1 9 17 1 1.23031691446501 5 5 0 0 0 0 0 0 0 0 0 0 0 1 1 12
24 1 8 15 1 6.74196426234021 5 2 0 0 0 0 0 0 0 0 0 0 0 1 1 16
24 3 12 21 1 1.47223730292376 5 4 0 0 0 0 1 0 0 0 0 0 0 1 3 10
24 1 21 14 0 1.91640303988215 3 1 0 0 0 0 0 0 1 0 0 0 0 1 1 12
24 0 12 16 0 4.01705566955839 5 4 1 0 0 0 0 0 0 0 0 0 0 0 0 7
24 6 3 17 1 6.96092672396169 5 1 0 0 0 0 0 0 0 0 0 0 1 0 0 6
24 5 13 19 1 11.1332113344007 3 4 0 0 1 0 0 0 0 0 0 0 0 0 0 13
24 1 16 14 0 9.58687461514214 5 5 0 0 1 0 0 0 0 0 0 0 0 0 0 8
24 4 19 13 0 2.25743394245883 5 5 0 0 0 1 0 0 0 0 0 0 0 1 4 8
24 0 6 16 0 4.91001026595425 5 1 0 0 0 0 0 0 0 0 0 0 0 0 0 10
24 0 20 18 0 4.18143479226011 5 5 1 0 0 0 0 0 0 0 0 0 0 0 0 10
25 1 21 15 0 3.00038760806476 5 1 0 0 0 0 0 0 0 0 0 0 0 0 0 6
25 0 6 8 1 1.8382275300478 5 1 0 0 0 0 0 0 0 0 0 0 0 0 0 4
25 1 18 16 0 2.73173133640097 5 4 1 0 0 0 0 0 0 0 0 0 0 0 0 9
25 1 21 18 0 2.93629129948793 3 5 0 0 0 0 0 0 0 1 0 0 0 1 1 13
25 0 7 5 1 5.59510604318896 5 1 0 0 0 0 0 1 0 0 0 0 0 1 0 11
25 3 21 17 0 3.19081865114963 4 5 0 0 0 0 0 1 0 0 0 0 0 0 0 16
25 1 18 11 0 14.3519600220587 5 1 0 0 0 0 0 1 0 0 0 0 0 1 1 8
25 2 12 17 0 1.7274316483013 5 1 0 0 0 0 0 0 0 0 0 1 0 0 0 5
25 2 15 15 0 4.3192676278192 5 5 0 0 0 0 0 0 1 0 0 0 0 1 2 10
25 2 19 13 0 -0.200464065540085 3 5 0 0 0 0 0 0 0 0 0 1 0 0 0 4
25 2 20 18 0 0.722558490113508 3 5 0 0 0 0 0 0 0 0 0 1 0 0 0 9
25 2 16 14 0 2.48061715800208 4 1 0 0 0 0 0 0 0 0 0 1 0 0 0 10
25 0 12 15 0 8.16575226802255 2 5 0 0 0 0 0 0 0 0 1 0 0 1 0 10
25 1 21 15 0 2.98179259215374 5 4 0 0 0 1 0 0 0 0 0 0 0 0 0 6
25 0 21 21 1 1.99241169322979 3 1 0 0 0 0 0 0 0 0 1 0 0 0 0 18
26 0 18 19 0 17.1051867742841 4 1 0 0 1 0 0 0 0 0 0 0 0 0 0 7
26 1 16 16 0 4.15049995781732 4 1 0 0 0 0 0 0 0 1 0 0 0 0 0 8
26 2 12 18 0 6.83657319029196 4 2 0 0 0 0 0 1 0 0 0 0 0 1 2 14
26 0 13 13 1 3.86853531922277 5 4 0 0 0 0 0 0 0 0 0 0 0 1 0 17
26 4 7 19 0 19.3436903276408 4 4 0 0 0 0 0 0 0 0 0 0 1 1 4 9
26 4 19 14 0 2.33220275737798 5 2 0 0 0 0 0 0 0 0 0 0 1 0 0 12
26 0 13 15 0 4.32738151011803 3 2 0 0 0 0 0 0 0 0 0 0 1 0 0 9
26 6 17 19 0 15.1761020703397 3 4 0 0 0 0 0 1 0 0 0 0 0 1 6 20
26 0 20 11 0 0.473688909401023 2 1 0 1 0 0 0 0 0 0 0 0 0 1 2 15
26 1 18 19 0 7.16964175841558 3 1 0 0 0 0 0 0 0 0 0 1 0 0 0 13
26 0 21 21 0 7.29117032930156 5 1 0 0 0 0 0 0 0 0 0 1 0 1 0 10
26 1 18 18 0 11.118768063908 5 2 0 0 0 0 0 1 0 0 0 0 0 0 0 14
26 4 19 18 0 3.87126173232454 5 1 0 0 0 0 0 0 0 1 0 0 0 0 0 3
26 0 19 20 0 1.50048350158382 3 1 0 0 0 0 0 0 0 0 0 0 0 0 0 15
26 1 18 18 0 4.01653062096866 3 4 1 0 0 0 0 0 0 0 0 0 0 0 0 11
27 0 21 13 0 1.73147420289362 3 5 1 0 0 0 0 0 0 0 0 0 0 0 0 7
27 1 18 14 0 3.29882555943499 5 4 0 0 0 0 0 0 0 0 1 0 0 0 0 10
27 1 17 18 0 3.49425625967729 5 5 0 0 0 0 0 0 0 1 0 0 0 1 1 15
27 0 17 20 1 14.3169515522748 5 1 0 0 0 1 0 0 0 0 0 0 0 1 0 12
27 2 18 16 0 31.3008189123253 3 5 0 0 0 0 0 0 0 0 0 1 0 0 0 9
27 5 21 20 0 2.58556547093564 5 5 0 0 0 0 1 0 0 0 0 0 0 0 0 16
27 0 20 15 1 3.28471932512564 5 2 0 0 0 1 0 0 0 0 0 0 0 0 0 5
27 4 21 19 0 5.3007730082707 5 1 0 1 0 0 0 0 0 0 0 0 0 1 4 12
27 3 13 13 0 20.3431840385795 5 1 0 0 0 0 0 0 0 0 0 0 0 1 3 12
27 4 20 16 0 7.85032680199241 5 2 0 0 0 0 0 0 0 0 0 0 1 1 4 9
27 1 20 14 0 8.87361032041744 5 4 0 1 0 0 0 0 0 0 0 0 0 0 0 3
27 0 18 12 0 16.9779826638385 5 5 0 1 0 0 0 0 0 0 0 0 0 1 0 9
27 6 21 20 0 10.1783729586748 5 4 0 0 0 0 0 0 0 0 0 0 1 0 0 13
27 1 16 16 1 10.2711445426351 5 1 0 0 1 0 0 0 0 0 0 0 0 1 1 16
27 0 18 17 0 30.9959668878839 3 5 0 0 0 0 0 0 0 0 1 0 0 0 0 7
28 0 21 18 0 2.44366001690363 3 4 1 0 0 0 0 0 0 0 0 0 0 0 0 7
28 4 18 18 0 4.82296683746935 4 1 0 0 1 0 0 0 0 0 0 0 0 0 0 9
28 0 10 14 1 1.19296223922155 5 5 0 0 0 0 0 1 0 0 0 0 0 0 0 14
28 1 20 20 0 0.926614451477813 5 2 0 0 0 0 0 0 0 0 1 0 0 0 0 9
28 2 16 18 1 4.31041930837701 5 2 0 0 0 1 0 0 0 0 0 0 0 1 2 15
28 0 11 11 0 3.71841021308674 5 1 0 0 0 0 0 1 0 0 0 0 0 0 0 15
28 0 18 17 0 0.995894488032282 2 5 0 0 0 0 0 0 0 0 1 0 0 0 0 4
28 0 15 17 0 9.7302346201878 4 1 0 0 0 0 0 1 0 0 0 0 0 0 0 10
28 1 19 18 0 7.64458937683437 3 1 0 0 0 0 0 0 0 0 0 0 1 0 0 3
28 0 20 18 0 3.60292650828451 4 5 0 0 0 0 0 1 0 0 0 0 0 0 0 12
28 1 15 15 0 2.21066738799218 5 5 0 0 0 0 0 0 1 0 0 0 0 0 0 9
28 2 18 16 0 1.547399483937 4 5 0 0 0 0 0 0 0 0 0 0 1 1 2 10
28 0 18 18 0 6.71835932847568 5 1 0 0 1 0 0 0 0 0 0 0 0 0 0 7
28 2 15 19 1 1.16321457099156 5 1 0 0 0 0 0 0 0 0 0 0 0 1 2 8
28 0 17 14 0 7.75534966752307 5 1 0 0 1 0 0 0 0 0 0 0 0 0 0 12
28 0 20 19 0 2.13503719138588 4 1 0 0 0 0 0 0 0 0 1 0 0 0 0 6
28 0 14 13 0 4.38211954338413 3 3 0 0 1 0 0 0 0 0 0 0 0 0 0 7
28 2 16 14 0 2.00471862944284 2 5 0 0 0 0 0 0 0 0 1 0 0 0 0 11
29 4 20 18 0 2.76614151942212 5 1 0 0 0 1 0 0 0 0 0 0 0 1 4 11
29 0 19 20 0 1.36099808657263 5 5 0 0 0 0 0 0 1 0 0 0 0 1 0 14
29 1 19 19 0 5.0468558193998 4 1 0 0 0 0 0 0 0 0 0 1 0 1 1 9
29 0 18 21 1 6.68528216389475 5 5 0 0 0 1 0 0 0 0 0 0 0 1 0 17
29 1 19 19 1 2.27149191637819 3 1 0 0 0 0 0 1 0 0 0 0 0 0 0 12
29 0 18 18 0 1.08676313983999 5 1 0 0 0 0 0 0 0 0 0 0 0 0 0 6
29 0 15 15 0 17.6528934281609 3 1 0 0 0 0 0 0 0 0 0 1 0 0 0 9
29 1 17 13 0 2.03235607941543 5 1 0 0 0 0 0 0 1 0 0 0 0 0 0 3
29 5 16 18 0 2.5489058014804 5 1 0 0 0 1 0 0 0 0 0 0 0 1 5 7
29 0 16 14 0 3.87129621375287 4 5 0 0 1 0 0 0 0 0 0 0 0 0 0 7
30 0 19 19 0 5.92356681179195 3 1 0 0 0 0 0 0 0 1 0 0 0 1 0 11
30 0 7 18 0 17.5492429912792 3 2 0 0 0 0 0 0 0 0 0 0 0 1 0 6
30 6 15 15 0 1.78063491487314 5 1 0 0 0 0 1 0 0 0 0 0 0 0 0 11
30 0 9 11 0 0.697473816308603 5 2 0 0 0 0 0 0 0 1 0 0 0 1 0 9
30 0 16 15 0 2.93892550589236 5 2 0 0 0 1 0 0 0 0 0 0 0 0 0 8
30 0 21 15 0 11.7186924908609 5 3 0 0 0 0 0 1 0 0 0 0 0 0 0 10
30 0 16 14 0 6.66688509695564 5 1 0 0 0 0 0 0 0 0 0 1 0 1 0 7
30 5 13 18 0 9.97106204879839 5 3 0 0 0 0 0 0 0 0 0 1 0 0 0 6
31 1 21 21 0 2.01199398395661 5 1 0 0 0 0 0 0 0 0 0 0 0 1 1 13
31 0 11 17 1 1.75887686018619 5 1 0 0 0 0 0 0 0 0 0 1 0 0 0 8
31 1 17 21 0 0.732740547624454 3 3 0 0 0 0 0 1 0 0 0 0 0 0 0 12
31 0 21 18 0 4.27914700002729 2 1 0 1 0 0 0 0 0 0 0 0 0 0 0 5
31 1 19 16 0 5.10330941372617 4 1 0 0 1 0 0 0 0 0 0 0 0 1 1 15
31 0 15 15 1 1.61315937102499 5 1 0 0 0 0 0 0 0 0 0 0 0 0 0 4
31 6 16 14 0 0.652475377359075 5 1 0 0 0 1 0 0 0 0 0 0 0 1 6 9
31 2 13 10 0 2.10923826043936 2 4 0 0 0 0 0 0 0 0 1 0 0 1 2 5
31 6 18 14 0 5.69552752787654 5 1 0 0 1 0 0 0 0 0 0 0 0 0 0 10
31 0 14 18 1 18.5105837178152 2 1 0 0 0 0 0 0 0 0 1 0 0 0 0 13
31 6 7 10 0 13.5341315928524 3 1 0 0 0 0 0 0 0 0 0 0 0 1 6 11
32 0 20 16 0 2.05716465477817 4 1 0 0 0 0 0 0 0 0 0 1 0 0 0 10
32 6 21 17 0 1.21573505095615 5 1 0 0 0 0 1 0 0 0 0 0 0 1 6 17
32 0 21 16 0 1.40148723759988 5 2 0 0 0 0 1 0 0 0 0 0 0 1 0 11
32 1 20 17 0 1.98763825304346 3 1 0 0 0 0 0 1 0 0 0 0 0 1 1 16
32 2 16 18 0 0.643576735919258 5 1 0 0 1 0 0 0 0 0 0 0 0 0 0 16
32 0 18 18 1 1.20448845229648 5 5 0 0 0 0 0 1 0 0 0 0 0 0 0 4
32 0 18 18 0 2.47922157959828 5 1 0 0 0 0 0 1 0 0 0 0 0 0 0 3
33 0 15 9 0 2.28327995037637 4 1 1 0 0 0 0 0 0 0 0 0 0 0 0 8
33 6 17 19 0 9.85082684419145 3 1 0 0 0 0 0 0 0 1 0 0 0 1 6 15
33 4 16 21 0 1.77643064330145 5 1 0 0 1 0 0 0 0 0 0 0 0 0 0 16
33 0 20 20 0 6.83277052899618 5 1 1 0 0 0 0 0 0 0 0 0 0 0 0 9
33 1 21 21 0 2.45810498398807 3 3 0 0 0 0 0 0 0 0 0 0 0 0 0 8
33 1 17 18 0 8.97791666544104 4 1 0 0 0 0 0 0 0 0 1 0 0 0 0 14
33 2 16 16 1 4.44310354351763 5 1 0 0 0 1 0 0 0 0 0 0 0 1 2 12
33 2 11 16 1 1.50967291634035 5 2 0 0 0 0 0 1 0 0 0 0 0 0 0 16
33 0 20 21 0 5.74535679342824 3 1 0 1 0 0 0 0 0 0 0 0 0 0 0 11
33 0 12 21 0 24.21808337176 5 1 0 0 0 0 0 0 0 0 0 1 0 1 0 16
33 2 16 18 0 7.89948654045493 4 1 0 0 0 0 0 0 0 0 1 0 0 0 0 10
33 1 15 17 0 3.61692084638982 5 1 0 0 0 0 0 0 0 0 1 0 0 0 0 11
33 5 18 20 0 -0.121918575422195 5 1 0 0 0 0 1 0 0 0 0 0 0 1 5 13
33 0 12 15 0 2.97422201890587 2 5 0 0 0 0 0 1 0 0 0 0 0 1 0 12
33 0 16 17 0 5.43208701104006 3 1 0 0 0 0 0 1 0 0 0 0 0 1 0 15
33 0 13 19 0 6.44148777013163 5 2 0 1 0 0 0 0 0 0 0 0 0 1 0 14
33 1 21 21 0 10.1930148392675 5 4 0 1 0 0 0 0 0 0 0 0 0 1 1 11
33 3 18 19 0 5.32323165481679 5 3 0 0 0 0 0 0 1 0 0 0 0 1 3 17
33 0 14 15 0 0.879033266117486 3 1 1 0 0 0 0 0 0 0 0 0 0 0 0 4
33 3 19 19 0 27.4152486430921 4 1 0 0 0 0 0 0 1 0 0 0 0 0 0 10
33 6 6 8 1 12.460494806694 5 1 0 0 0 0 0 0 0 0 0 0 0 1 6 9
33 3 18 16 0 7.49001956892279 3 1 0 0 0 0 0 0 1 0 0 0 0 1 3 8
33 3 14 14 0 2.83726866648871 5 1 0 0 1 0 0 0 0 0 0 0 0 0 0 10
33 0 19 21 0 4.96023470597554 5 1 0 0 0 0 0 0 0 0 0 1 0 0 0 9
33 6 18 16 0 3.43579463080442 5 1 0 0 0 1 0 0 0 0 0 0 0 1 6 14
33 6 17 16 1 18.4795561700816 3 1 0 0 0 0 0 0 0 0 1 0 0 0 0 13
34 1 17 17 0 18.7807577239563 3 1 0 0 0 0 0 1 0 0 0 0 0 1 1 18
34 0 21 21 0 2.33502189676146 5 5 0 0 0 0 0 0 0 1 0 0 0 1 0 12
34 3 13 16 1 23.9244017420917 5 1 0 0 0 1 0 0 0 0 0 0 0 0 0 14
34 2 13 18 0 1.79264903808873 5 4 0 0 0 0 0 1 0 0 0 0 0 1 2 10
34 2 15 14 1 19.9335170322542 4 1 0 0 0 0 0 1 0 0 0 0 0 1 2 12
34 0 19 10 0 2.63572278383263 2 5 0 0 0 0 0 0 0 1 0 0 0 1 0 9
34 5 17 17 0 1.72237613310934 4 1 0 0 0 0 0 0 0 0 1 0 0 0 0 6
34 1 16 17 0 15.0654030045248 5 4 0 0 0 0 0 1 0 0 0 0 0 1 1 10
34 0 21 18 0 5.83993309462217 5 3 0 1 0 0 0 0 0 0 0 0 0 0 0 13
34 1 11 9 0 7.98764712958333 3 3 0 0 0 0 0 0 1 0 0 0 0 0 0 3
34 0 16 16 0 9.65089638415188 3 1 0 1 0 0 0 0 0 0 0 0 0 0 0 16
34 0 11 11 1 15.5479985867721 4 5 0 0 0 0 0 0 0 0 0 0 0 0 0 11
34 1 17 19 1 8.72837932828448 5 4 0 0 1 0 0 0 0 0 0 0 0 0 0 19
34 0 19 17 0 1.18348331416511 3 4 0 0 0 0 0 0 0 0 1 0 0 0 0 15
34 1 15 21 0 9.62308128365809 5 3 0 0 0 0 0 0 0 0 0 1 0 0 0 6
34 0 9 6 0 19.7255840614899 5 3 1 0 0 0 0 0 0 0 0 0 0 1 0 6
34 5 21 20 0 2.92756792156545 5 5 0 0 0 0 0 0 0 0 1 0 0 0 0 8
35 6 20 20 0 0.755869894518995 5 1 0 0 1 0 0 0 0 0 0 0 0 1 6 14
35 2 16 15 0 2.49028452845633 5 1 0 0 0 0 0 1 0 0 0 0 0 1 2 14
35 1 20 19 0 0.72593074824018 2 1 0 0 0 0 0 0 0 1 0 0 0 0 0 15
35 1 17 20 0 2.26204430265834 5 5 0 0 0 0 0 0 0 0 1 0 0 0 0 6
35 1 17 20 1 9.04320039996855 5 1 0 0 0 1 0 0 0 0 0 0 0 1 1 12
35 1 11 13 0 1.32883618716078 3 5 0 0 0 0 0 1 0 0 0 0 0 1 1 9
35 2 17 12 0 1.10039848375308 3 1 0 0 0 0 0 0 0 0 0 0 0 0 0 11
35 0 16 14 0 13.0344982109027 4 2 0 0 0 0 0 1 0 0 0 0 0 0 0 10
35 0 21 19 0 15.5966381573123 5 3 0 0 0 0 0 0 1 0 0 0 0 0 0 15
35 0 21 13 0 1.19565891281482 5 1 0 0 0 0 0 0 0 0 0 0 1 1 0 3
35 5 12 16 1 7.85777068000095 5 1 0 0 1 0 0 0 0 0 0 0 0 0 0 16
35 1 16 17 0 1.25990712722588 5 5 0 0 0 0 0 0 0 0 1 0 0 1 1 13
35 0 10 15 1 5.05899511681513 2 5 0 0 0 0 1 0 0 0 0 0 0 0 0 14
35 6 20 20 0 0.528130211090488 5 1 0 0 0 0 0 0 0 1 0 0 0 1 6 11
36 1 13 17 0 3.4286368260462 5 5 1 0 0 0 0 0 0 0 0 0 0 0 0 8
36 0 12 10 0 10.9320893468178 4 5 0 0 0 0 0 0 0 0 0 0 0 1 0 11
36 0 7 13 0 33.1784637460821 4 1 0 0 0 0 0 0 0 0 1 0 0 1 0 5
36 0 15 18 1 17.1646229763885 5 1 0 0 0 1 0 0 0 0 0 0 0 1 0 6
36 1 7 18 0 1.61104875550027 3 5 0 0 0 0 0 0 0 0 0 1 0 0 0 7
36 0 20 19 0 6.16733762063432 3 1 0 0 0 0 0 1 0 0 0 0 0 0 0 12
36 4 20 21 1 4.63500859848196 5 1 0 0 0 0 1 0 0 0 0 0 0 1 4 11
36 0 21 17 0 4.92009295027394 5 5 0 1 0 0 0 0 0 0 0 0 0 0 0 5
36 1 3 19 1 3.0988327285813 2 1 0 0 0 0 0 0 0 0 0 1 0 1 1 13
36 2 15 18 0 11.5605068165183 3 5 0 0 0 0 0 0 0 0 0 0 1 0 0 11
36 2 12 15 0 0.570712540615746 5 2 0 0 0 0 0 1 0 0 0 0 0 0 0 10
36 0 14 19 0 4.75520911280346 5 1 0 1 0 0 0 0 0 0 0 0 0 1 0 9
36 0 8 13 0 10.538468985571 5 1 0 0 0 0 0 0 1 0 0 0 0 0 0 14
36 5 21 4 1 6.04278296286126 5 5 0 0 0 0 0 0 0 0 0 1 0 0 1 5
36 4 13 15 1 1.45033678928959 3 5 0 0 0 0 0 0 1 0 0 0 0 0 0 11
36 6 16 20 0 6.55537528725042 5 5 0 0 1 0 0 0 0 0 0 0 0 0 0 14
36 1 14 17 1 12.5812834198829 5 1 0 0 0 0 0 0 0 0 0 0 0 1 1 12
36 0 13 19 1 12.0259664542467 5 1 0 0 1 0 0 0 0 0 0 0 0 1 0 13
36 5 17 20 0 3.17184493438396 5 1 0 0 0 0 0 0 0 0 0 1 0 0 0 6
36 6 9 18 0 0.425251781356679 5 2 0 0 1 0 0 0 0 0 0 0 0 0 0 8
36 0 18 20 0 7.47921633568381 2 5 0 0 0 0 0 0 0 0 0 0 0 0 0 10
36 3 13 17 0 6.81116966673288 4 1 0 0 0 0 0 1 0 0 0 0 0 1 3 5
36 1 19 21 0 4.34969508110262 3 4 0 0 0 1 0 0 0 0 0 0 0 1 1 15
36 6 9 18 0 17.1418190817087 5 1 0 0 0 0 1 0 0 0 0 0 0 1 6 12
37 0 9 21 1 15.0661868851725 3 2 0 0 0 0 0 0 0 0 0 0 1 1 0 15
37 0 17 16 0 2.3904522459833 5 5 0 0 0 0 0 0 0 0 0 1 0 0 0 14
37 0 20 20 0 4.92708080894977 3 5 0 0 0 0 0 0 0 0 0 0 0 1 0 8
37 4 7 13 0 18.4152517673713 5 3 1 0 0 0 0 0 0 0 0 0 0 0 0 6
37 6 20 21 0 1.80301633254462 5 1 0 0 0 0 0 0 0 1 0 0 0 1 6 12
37 2 16 19 1 16.7084927035762 5 2 0 0 0 0 0 0 0 0 0 0 0 0 0 11
37 1 17 18 0 1.13744885400266 5 5 0 0 0 0 0 0 0 0 0 0 1 0 0 6
37 1 16 18 0 11.5028315195352 5 1 1 0 0 0 0 0 0 0 0 0 0 0 0 3
37 1 7 15 1 6.79634579743645 5 1 0 0 0 0 0 0 0 0 0 0 0 0 0 6
37 0 13 13 0 7.18394886796854 5 1 0 0 0 0 0 0 0 0 0 1 0 1 0 14
37 0 15 20 0 1.9675856024704 2 2 0 0 0 0 0 0 0 0 0 0 0 0 0 9
37 0 17 17 0 2.50740810731412 3 1 0 0 0 0 0 0 0 0 0 1 0 1 0 14
37 0 16 17 0 4.82884862219943 5 1 0 0 0 1 0 0 0 0 0 0 0 0 0 8
37 2 18 14 1 7.99938938019376 5 1 0 0 0 1 0 0 0 0 0 0 0 1 2 15
37 0 19 21 0 4.15399083753278 5 1 0 0 0 0 0 0 0 0 1 0 0 0 0 15
37 4 14 14 0 3.96192336478905 5 2 0 0 0 0 0 0 0 0 0 0 0 1 4 12
38 6 15 13 0 5.64809527215825 5 1 0 0 1 0 0 0 0 0 0 0 0 0 0 7
38 2 14 13 0 4.90531171789286 2 1 0 0 0 0 0 1 0 0 0 0 0 1 2 10
38 2 16 10 0 7.45100995749965 5 3 0 0 0 0 0 0 0 0 1 0 0 0 0 8
38 2 16 13 1 2.37110153466406 5 3 0 0 0 1 0 0 0 0 0 0 0 0 0 9
38 6 18 16 0 1.11415548193769 5 1 0 0 0 0 0 0 0 0 0 1 0 0 0 7
38 0 21 21 0 7.3120500031574 4 2 0 1 0 0 0 0 0 0 0 0 0 0 0 14
38 6 21 19 0 2.8845738631263 2 5 0 0 0 0 1 0 0 0 0 0 0 1 6 15
38 0 18 18 0 11.5355894450904 2 5 0 1 0 0 0 0 0 0 0 0 0 0 0 6
38 6 9 3 0 1.42389500144686 5 5 0 0 0 0 0 0 0 0 0 0 0 1 6 3
39 3 18 18 0 4.76910233258404 5 1 0 0 1 0 0 0 0 0 0 0 0 0 0 17
39 6 17 15 1 2.34338396980844 5 1 0 0 0 0 0 0 0 1 0 0 0 1 6 8
39 0 13 15 1 2.79806197300131 5 2 0 0 0 0 0 0 0 0 0 1 0 0 0 7
39 2 12 15 0 2.27924015737985 4 2 0 0 0 0 0 1 0 0 0 0 0 1 2 15
39 3 19 19 0 3.13497843913597 5 1 0 0 0 0 1 0 0 0 0 0 0 1 3 12
39 2 13 17 0 20.6642257289672 5 3 0 1 0 0 0 0 0 0 0 0 0 0 0 10
39 0 17 17 0 12.8799126747382 5 4 0 0 0 0 0 0 0 0 1 0 0 0 0 4
39 0 16 12 0 19.7383593146559 3 1 0 0 0 0 0 0 1 0 0 0 0 0 0 12
39 2 13 19 0 1.22088919391571 5 1 0 0 0 0 0 0 0 0 0 0 0 0 0 4
39 0 18 20 0 12.1987694831804 5 2 0 0 1 0 0 0 0 0 0 0 0 0 0 16
40 0 6 11 1 13.2400216853517 3 5 0 0 0 0 0 0 0 0 0 0 0 1 0 12
40 0 8 19 1 32.4957565515021 5 3 0 0 0 0 0 0 0 0 0 0 0 1 0 18
40 3 7 10 1 2.06573766732968 3 5 0 0 0 0 0 0 0 0 0 0 0 0 0 3
40 0 11 13 0 10.2263730316493 5 4 1 0 0 0 0 0 0 0 0 0 0 1 0 3
40 0 13 14 0 5.20853587793171 3 5 0 0 0 0 0 0 0 1 0 0 0 0 0 8
40 1 19 15 0 6.21863472160433 3 3 0 0 0 0 0 0 0 1 0 0 0 0 0 13
40 0 9 16 0 5.42377088284579 5 5 0 0 0 0 0 0 0 0 1 0 0 0 0 4
40 6 21 18 0 5.96158620861889 5 5 0 0 0 0 1 0 0 0 0 0 0 0 0 11
40 0 17 21 0 3.89125986017016 5 3 0 0 0 0 0 0 1 0 0 0 0 1 0 13
40 1 13 21 1 1.61316731862626 5 5 0 0 0 0 0 1 0 0 0 0 0 0 0 15
40 1 18 17 0 0.806450026267311 5 5 0 0 0 0 1 0 0 0 0 0 0 0 0 13
40 0 21 19 1 11.5934035692881 5 1 0 0 0 1 0 0 0 0 0 0 0 1 0 8
40 3 21 18 0 3.58847608576334 4 5 0 0 0 0 0 0 0 0 1 0 0 0 0 8
40 0 3 13 1 1.07178482549927 5 1 0 0 0 0 0 0 0 0 1 0 0 1 0 20
40 1 5 21 0 6.02675435134064 5 3 0 1 0 0 0 0 0 0 0 0 0 0 0 3
40 2 18 18 0 6.39181004160897 5 4 0 0 0 0 0 0 1 0 0 0 0 0 0 11
40 0 12 14 0 0.807934436911129 2 4 0 0 0 0 0 0 0 0 1 0 0 0 0 11
41 0 14 10 0 9.43951329546228 3 5 0 0 0 0 0 0 0 0 0 0 1 0 0 9
41 1 21 11 0 0.694032744311706 5 5 0 0 0 0 0 1 0 0 0 0 0 1 1 7
41 1 10 8 1 5.96572879838507 5 5 0 0 0 0 0 0 0 0 0 0 0 1 1 4
41 2 21 15 0 19.8295419430256 4 5 0 0 0 0 0 0 0 1 0 0 0 0 0 3
41 1 21 15 0 2.10408856476803 5 2 0 0 0 0 0 1 0 0 0 0 0 0 0 9
41 3 21 15 0 13.9328277059752 4 4 0 0 0 0 0 1 0 0 0 0 0 1 3 9
41 2 18 6 0 12.4879460453551 5 3 0 0 0 0 0 0 0 0 0 0 0 0 0 3
41 6 21 15 0 4.65223079809396 3 5 0 0 0 0 0 0 0 1 0 0 0 1 6 6
41 1 19 14 0 1.55999771741079 3 5 0 0 0 0 0 0 0 0 1 0 0 0 0 13
41 0 20 17 0 29.9955196535699 3 5 0 0 0 0 0 0 0 0 0 0 0 0 0 9
41 2 21 18 0 7.98067781876947 5 5 0 0 0 0 0 1 0 0 0 0 0 0 0 12
41 0 21 16 0 8.61201788701503 5 5 0 0 0 0 0 0 0 0 1 0 0 0 0 6
41 0 12 14 1 1.95748861433489 3 1 0 0 0 0 0 0 0 0 0 1 0 1 0 3
41 0 6 12 1 3.85310906631465 5 5 0 0 0 0 0 0 0 0 0 1 0 1 0 14
41 1 12 21 1 5.26262019665782 4 5 0 0 0 0 0 0 0 0 0 1 0 1 1 13
41 2 19 19 0 2.2872526955037 5 5 1 0 0 0 0 0 0 0 0 0 0 0 0 13
41 0 9 11 1 5.03914356722815 3 5 0 0 0 0 0 0 0 0 0 0 0 0 0 13
41 1 21 8 0 13.0064520762251 5 3 0 0 0 0 0 0 0 0 0 1 0 0 0 5
42 1 21 8 0 5.77713832504375 4 4 0 0 0 0 0 0 0 0 0 0 0 1 1 6
42 6 20 21 1 0.756963555245903 5 5 0 0 1 0 0 0 0 0 0 0 0 0 0 17
42 4 21 18 0 0.874504835097204 5 1 0 0 0 1 0 0 0 0 0 0 0 0 0 12
42 1 20 14 0 3.21424705722701 3 1 0 0 0 0 0 0 1 0 0 0 0 0 0 9
42 0 7 5 1 29.7818877241363 5 3 0 0 0 0 0 1 0 0 0 0 0 0 0 6
42 0 10 16 0 2.97329208115976 5 1 0 0 0 0 0 0 0 0 0 0 0 0 0 10
42 6 18 8 0 5.09007027018276 5 1 0 0 0 0 1 0 0 0 0 0 0 1 6 11
42 0 8 11 0 11.0617069385062 5 4 0 0 0 0 0 0 1 0 0 0 0 0 0 5
42 6 17 11 0 4.4259074499882 5 3 0 0 1 0 0 0 0 0 0 0 0 0 0 11
42 0 21 21 0 31.459390593117 4 5 0 0 0 0 0 0 0 0 0 1 0 0 0 3
42 2 10 14 0 4.5566862955003 4 1 0 0 0 0 0 0 0 0 0 0 0 0 0 6
42 2 3 19 0 14.612041875314 5 1 0 0 0 0 0 0 0 0 0 0 0 0 0 3
42 0 21 18 0 4.97044984592837 5 1 0 0 0 1 0 0 0 0 0 0 0 0 0 7
42 6 16 11 0 1.47462073193861 4 1 0 0 0 1 0 0 0 0 0 0 0 0 0 9
42 4 18 16 0 1.09334024993116 5 2 0 0 1 0 0 0 0 0 0 0 0 0 0 16
42 0 18 13 0 20.2568768618211 5 1 0 0 0 0 0 1 0 0 0 0 0 1 0 9
42 1 19 21 0 11.8728071470691 3 1 0 0 0 0 0 0 0 0 0 1 0 0 0 17
43 1 18 21 0 3.23952074192882 5 4 0 0 0 0 0 0 0 0 0 0 0 0 0 5
43 1 8 11 1 11.8341493566669 3 5 0 0 0 0 0 1 0 0 0 0 0 0 0 5
43 0 16 21 1 13.1977814349236 5 2 0 0 0 0 0 0 0 0 1 0 0 1 0 18
43 2 17 19 0 2.06089474849488 5 4 0 0 0 0 0 0 0 0 1 0 0 0 0 12
43 0 8 21 1 9.69080000874467 5 1 0 0 0 0 0 0 0 0 0 0 0 1 0 11
43 1 11 19 0 9.27334210690835 3 2 0 0 0 0 0 1 0 0 0 0 0 0 0 8
43 2 12 17 0 2.18011286670261 5 1 0 0 0 0 0 0 1 0 0 0 0 0 0 7
43 2 18 21 0 4.12981081180792 5 2 0 0 0 0 0 0 1 0 0 0 0 0 0 19
43 2 13 18 0 3.59712144867723 5 3 0 0 0 1 0 0 0 0 0 0 0 0 0 7
43 0 17 21 1 3.52147725146496 3 4 0 0 0 0 0 0 0 0 0 0 0 0 0 8
44 1 16 18 0 6.62797756082852 3 5 0 0 0 0 0 0 0 0 0 0 1 0 0 10
44 6 21 20 1 2.84468575253453 5 4 0 0 1 0 0 0 0 0 0 0 0 1 6 11
44 2 19 18 0 1.62425235571452 3 5 0 0 0 0 0 0 0 0 0 0 0 1 2 12
44 6 20 20 0 1.77033916775179 5 5 0 0 0 0 0 0 0 0 0 1 0 0 1 8
44 1 17 20 0 5.4553926569594 5 3 0 0 0 0 0 0 1 0 0 0 0 0 0 10
44 1 16 19 0 3.48424179745613 3 1 0 0 0 0 0 0 0 0 0 1 0 1 1 13
44 1 13 21 0 18.8270000452549 2 5 0 0 0 0 0 0 0 0 0 1 0 0 0 6
44 3 19 21 0 0.753037443988061 4 5 0 0 0 0 0 0 0 0 1 0 0 1 3 12
44 2 19 15 1 1.20340266976026 5 1 0 0 0 0 0 0 1 0 0 0 0 1 2 10
44 4 18 21 0 3.29970654095955 5 5 0 0 1 0 0 0 0 0 0 0 0 1 4 8
44 6 8 21 0 0.535509417484959 5 5 0 0 0 0 0 0 0 0 0 1 0 0 0 6
44 5 18 18 0 23.5850219325053 4 5 0 1 0 0 0 0 0 0 0 0 0 0 0 9
44 6 21 21 0 7.0986348283882 4 5 0 0 0 0 0 0 0 0 0 0 1 0 0 12
44 1 15 20 1 1.95240170986716 5 3 0 0 1 0 0 0 0 0 0 0 0 1 1 10
44 0 13 19 0 3.39205779683042 3 1 0 0 0 0 1 0 0 0 0 0 0 1 0 7
44 0 10 21 0 2.39905499630325 5 1 0 0 0 0 0 0 0 0 0 0 0 1 0 11
44 1 16 16 0 20.0414202317722 5 5 0 0 0 0 0 0 0 0 0 1 0 1 1 4
44 0 20 21 0 3.01708976991157 3 5 1 0 0 0 0 0 0 0 0 0 0 0 0 9
44 1 18 18 0 3.51584583393677 5 5 0 0 0 0 0 1 0 0 0 0 0 1 1 5
44 5 14 13 0 2.13887239211682 5 5 0 0 0 0 0 0 0 0 1 0 0 0 0 15
44 0 16 17 0 1.64747042307595 5 5 0 0 0 1 0 0 0 0 0 0 0 1 0 9
44 6 16 21 0 3.87160870030524 5 1 0 0 0 0 0 0 0 0 0 0 0 0 0 13
45 4 14 15 1 1.77915354513897 4 1 0 0 0 0 0 0 0 0 0 0 0 0 0 5
45 3 21 21 0 3.23209691994482 5 1 0 0 0 0 0 0 0 0 0 0 0 1 3 11
45 6 19 20 0 3.77180807522795 4 2 0 0 0 0 1 0 0 0 0 0 0 0 0 13
45 0 20 18 0 1.83651163222003 5 1 0 0 0 0 0 0 1 0 0 0 0 1 0 14
45 1 9 9 1 8.92564301121382 5 5 0 0 0 1 0 0 0 0 0 0 0 1 1 5
45 2 16 21 0 4.33642812270999 5 2 0 0 0 0 0 0 0 0 1 0 0 1 2 12
45 1 19 17 0 7.81883854505052 4 4 0 0 0 0 0 0 0 1 0 0 0 0 0 8
45 6 17 15 0 1.94975026333986 3 5 0 0 0 0 0 0 0 0 0 0 0 1 6 7
45 3 17 15 0 2.2991362559223 5 3 0 0 0 0 0 0 0 0 0 1 0 1 3 12
45 2 18 15 0 4.79370429927155 3 5 0 0 0 0 0 0 1 0 0 0 0 1 2 10
45 0 21 18 0 2.51635698932503 5 4 0 0 1 0 0 0 0 0 0 0 0 1 0 13
45 0 13 18 1 6.37342935982363 5 2 0 0 0 0 0 0 0 0 1 0 0 0 0 19
46 2 18 15 0 0.670159475025548 5 2 0 0 0 0 0 1 0 0 0 0 0 1 2 11
46 3 13 18 0 19.9163940262028 5 3 0 0 0 0 0 0 0 0 0 0 0 0 0 9
46 0 21 18 0 1.09569266196064 5 1 0 0 0 0 0 0 0 1 0 0 0 0 0 12
46 6 18 18 0 4.10006378818816 5 1 0 0 0 0 1 0 0 0 0 0 0 0 0 14
46 0 13 13 1 4.17964556194554 5 3 0 0 0 0 0 1 0 0 0 0 0 1 0 13
46 0 17 14 0 10.2023124339312 4 1 0 0 0 0 0 0 0 1 0 0 0 0 0 11
46 3 6 18 1 12.1231246240507 5 2 0 0 0 0 0 0 0 0 0 1 0 0 0 16
46 2 16 15 0 6.10655845617436 5 1 0 0 0 0 1 0 0 0 0 0 0 1 2 11
46 1 14 11 0 3.16412581850827 3 1 0 0 1 0 0 0 0 0 0 0 0 1 1 13
46 0 6 18 1 15.1167332639147 1 2 0 0 0 0 0 0 0 0 0 1 0 0 0 3
46 0 15 14 1 0.921509573311423 5 1 0 0 0 0 0 0 1 0 0 0 0 1 0 10
46 6 15 10 0 1.42526654343214 5 1 0 0 0 0 0 0 0 0 0 0 1 1 6 6
46 0 15 18 0 5.68377970656882 5 1 0 0 1 0 0 0 0 0 0 0 0 0 0 18
46 1 10 8 0 5.82034554514127 3 1 0 0 1 0 0 0 0 0 0 0 0 0 0 6
46 0 20 17 0 5.7635249891665 5 2 0 0 0 0 0 0 0 0 0 1 0 0 0 7
47 2 19 20 0 2.94886176781302 3 2 1 0 0 0 0 0 0 0 0 0 0 0 0 10
47 0 19 17 0 1.40291038320699 4 1 0 0 0 0 0 0 0 0 1 0 0 0 0 10
47 6 19 16 0 9.28160392191756 3 1 0 0 0 0 1 0 0 0 0 0 0 1 6 9
47 1 6 9 1 23.8375962784013 3 1 0 0 0 0 0 0 0 1 0 0 0 0 0 14
47 2 17 18 0 0.714251548709636 3 1 0 0 0 0 0 0 0 0 0 1 0 0 0 12
47 2 15 16 0 3.16553088570684 3 1 0 1 0 0 0 0 0 0 0 0 0 1 2 6
47 0 18 18 1 10.4962883376417 5 1 0 0 0 0 0 0 0 0 0 1 0 0 0 9
47 2 17 15 0 2.73922171776181 4 1 0 0 0 0 0 0 1 0 0 0 0 0 0 13
47 0 17 19 0 26.4493306048897 4 1 0 0 0 0 0 0 0 0 0 1 0 1 0 21
47 0 18 18 0 6.16037633888769 3 1 0 0 1 0 0 0 0 0 0 0 0 1 0 9
47 0 19 18 0 2.71714364261991 4 2 0 0 0 0 0 0 0 0 1 0 0 0 0 11
47 0 17 17 0 3.0838286879699 5 1 0 0 1 0 0 0 0 0 0 0 0 0 0 15
47 5 17 18 0 2.62676522817191 4 1 0 0 0 0 0 0 0 1 0 0 0 1 5 7
47 0 17 17 0 3.40475269866416 3 1 1 0 0 0 0 0 0 0 0 0 0 0 0 6
48 0 19 19 0 3.84385850663336 5 5 1 0 0 0 0 0 0 0 0 0 0 0 0 6
48 6 9 11 0 2.92933690953878 5 1 0 0 1 0 0 0 0 0 0 0 0 1 6 12
48 0 18 18 0 40.2216740916497 3 1 0 0 0 0 0 1 0 0 0 0 0 0 0 18
48 2 12 19 0 0.779814844044845 5 5 0 0 0 0 0 0 0 0 0 0 0 0 0 3
48 0 21 18 0 0.949215523729253 3 4 1 0 0 0 0 0 0 0 0 0 0 0 0 12
48 1 21 21 0 2.93047587835886 2 1 0 0 0 0 0 0 0 0 0 0 0 1 1 3
48 0 15 19 0 0.770123233491382 5 1 0 0 0 0 0 0 0 1 0 0 0 1 1 10
48 0 21 20 0 6.83992738782723 5 1 0 0 0 0 0 0 0 1 0 0 0 1 0 12
48 0 16 9 0 3.44800232806791 5 5 1 0 0 0 0 0 0 0 0 0 0 0 0 3
48 1 20 20 1 1.68179843887674 5 3 0 0 0 1 0 0 0 0 0 0 0 1 1 8
48 0 12 12 0 27.267102478813 4 1 0 0 0 0 0 0 0 1 0 0 0 1 0 13
48 2 7 20 0 7.12809305381745 5 1 0 0 0 0 0 0 0 0 0 1 0 1 2 19
48 0 16 16 1 5.69703379673072 5 1 0 0 0 0 0 0 0 0 0 0 0 1 0 12
48 0 17 16 0 2.20739464981616 3 1 0 0 0 0 0 1 0 0 0 0 0 0 0 7
48 0 15 15 0 1.98123463900904 2 2 0 0 0 0 0 0 0 0 1 0 0 1 0 12
48 2 15 19 0 -0.320375493136997 5 1 0 1 0 0 0 0 0 0 0 0 0 0 0 12
48 0 18 10 0 4.9236070729343 5 1 0 0 0 0 0 0 1 0 0 0 0 0 0 3
48 1 18 17 0 10.4342832419101 3 4 0 1 0 0 0 0 0 0 0 0 0 0 0 15
48 0 21 20 0 0.239122447789194 5 5 1 0 0 0 0 0 0 0 0 0 0 0 0 12
48 0 12 18 0 11.8984527770039 5 1 0 0 0 0 0 0 0 0 0 0 0 0 0 14
48 2 12 15 0 1.32646537413031 5 1 0 0 1 0 0 0 0 0 0 0 0 0 0 18
48 0 13 11 0 2.63588249994163 5 1 0 0 0 0 0 1 0 0 0 0 0 0 0 3
49 2 21 18 0 5.97083768844745 3 2 1 0 0 0 0 0 0 0 0 0 0 0 0 8
49 1 20 18 0 3.68757665565529 5 1 0 0 0 0 0 0 0 1 0 0 0 0 0 14
49 2 16 13 0 16.0588526508312 5 1 0 0 0 0 0 0 0 1 0 0 0 0 0 8
49 0 13 14 0 6.9477998694384 5 2 0 0 0 1 0 0 0 0 0 0 0 1 0 8
49 0 14 18 0 1.64496201805384 5 1 0 0 0 0 0 0 0 0 1 0 0 0 0 9
49 2 21 21 0 4.86046231747379 5 1 0 1 0 0 0 0 0 0 0 0 0 1 2 13
49 1 18 16 1 5.85205053465498 3 1 0 0 0 0 0 0 1 0 0 0 0 0 0 12
49 0 13 11 1 20.0798775142721 5 1 0 0 0 0 0 0 0 0 0 0 0 0 0 6
49 2 21 14 0 0.930904851202327 5 3 0 0 1 0 0 0 0 0 0 0 0 0 0 13
49 1 21 21 0 0.483323361648137 5 4 0 0 0 0 1 0 0 0 0 0 0 0 0 13
50 6 14 14 0 4.93743009364323 5 1 0 0 1 0 0 0 0 0 0 0 0 0 0 6
50 2 18 17 0 0.944796179561334 5 5 1 0 0 0 0 0 0 0 0 0 0 0 0 12
50 3 17 17 1 1.11376266812269 5 1 0 0 0 0 0 0 0 1 0 0 0 0 0 9
50 0 13 13 0 5.36473829527132 5 3 0 0 0 0 0 0 0 0 1 0 0 0 0 4
50 5 21 15 0 1.18688356487115 5 1 0 0 0 0 1 0 0 0 0 0 0 1 5 5
50 1 7 18 0 2.98988887348345 5 5 0 0 0 1 0 0 0 0 0 0 0 1 1 7
50 0 17 17 0 5.3508066989185 3 5 0 0 0 0 0 1 0 0 0 0 0 1 0 4
50 6 18 18 0 2.4575837490369 5 5 0 0 0 0 1 0 0 0 0 0 0 0 0 10
50 3 17 17 1 2.76677190043558 5 1 0 0 0 1 0 0 0 0 0 0 0 1 3 12
50 6 19 16 0 1.12526505125708 5 1 0 0 0 0 1 0 0 0 0 0 0 1 6 13
50 0 21 21 1 9.52814567833829 5 4 0 0 0 0 0 0 1 0 0 0 0 0 0 3
50 0 18 16 1 4.15295499688854 5 3 0 0 0 0 0 0 0 0 1 0 0 1 0 7
50 3 19 19 0 1.78246004711838 4 1 0 0 0 0 0 0 1 0 0 0 0 0 0 12
50 0 18 17 0 3.49803491160784 4 5 0 0 0 0 0 0 0 0 0 0 1 0 0 11
50 4 14 17 0 5.10136054177713 5 1 0 0 0 1 0 0 0 0 0 0 0 0 0 4
50 0 6 6 0 6.0076534396394 5 1 0 0 1 0 0 0 0 0 0 0 0 1 0 13
50 0 18 21 0 4.57928719678478 3 5 0 0 0 0 1 0 0 0 0 0 0 0 0 6
